episode_i,scene_i,object_class,receiverIndex,transmitterIndex,object_id,object_i,typeID,xinsite,yinsite,x3,y3,z3,lane_id,angle,speed,length,width,height,distance,waitTime,currentTime(ms)=90.5,Ts(s)=0.5
2,1,vehicle,0,-1,droneFlow0.37,0,Drone,818.9676816991803,670.673689276363,160.14768169918017,311.913689276363,0.0,H2_0,89.78074582948268,9.9610636978643,0.5,0.5,0.2,159.56768169918018,0.0
2,1,vehicle,-1,-1,droneFlow0.38,1,Drone,808.3280949880955,670.6329744948266,149.50809498809542,311.8729744948266,0.0,H2_0,89.7807458294892,9.801049239395429,0.5,0.5,0.2,148.92809498809544,0.0
2,1,vehicle,-1,-1,droneFlow0.39,2,Drone,797.8804093939502,670.5929940662558,139.0604093939502,311.83299406625576,0.0,H2_0,89.78074582948267,9.678805700609638,0.5,0.5,0.2,138.48040939395023,0.0
2,1,vehicle,-1,-1,droneFlow0.40,3,Drone,787.6050762172016,670.5536731831364,128.78507621720152,311.7936731831364,0.0,H2_0,89.7807458294892,9.751232091462844,0.5,0.5,0.2,128.2050762172015,0.0
2,1,vehicle,-1,-1,droneFlow0.41,4,Drone,777.3076923041668,670.5142679178944,118.48769230416679,311.7542679178944,0.0,H2_0,89.78074582948268,9.5290362204331,0.5,0.5,0.2,117.9076923041668,0.0
2,1,vehicle,-1,-1,droneFlow0.42,5,Drone,767.1577505627337,670.4754268734223,108.33775056273365,311.71542687342236,0.0,H2_0,89.7807458294892,9.6008968388004,0.5,0.5,0.2,107.75775056273365,0.0
2,1,vehicle,-1,-1,droneFlow0.43,6,Drone,757.0601537264038,670.4416135375093,98.2401537264037,311.6816135375093,0.0,:1_6_0,90.1100782113747,9.491606003965021,0.5,0.5,0.2,97.66096049515838,0.0
2,1,vehicle,-1,-1,droneFlow0.44,7,Drone,747.163909636226,670.4606264944549,88.34390963622597,311.7006264944549,0.0,:1_6_0,90.1100782113682,9.24913168758977,0.5,0.5,0.2,87.77422288345342,0.0
2,1,vehicle,-1,-1,droneFlow0.45,8,Drone,737.4128286791348,670.4793605596942,78.59282867913477,311.7193605596943,0.0,:1_6_0,90.22510505607163,9.323651789692494,0.5,0.5,0.2,78.0325089589819,0.0
2,1,vehicle,-1,-1,droneFlow0.46,9,Drone,727.8831420051963,670.5528231412104,69.06314200519627,311.7928231412105,0.0,H1_0,90.4536735747192,9.042268260040426,0.5,0.5,0.2,68.50314200519627,0.0
2,1,vehicle,-1,-1,droneFlow0.47,10,Drone,718.5534684927325,670.6266979506322,59.733468492732456,311.8666979506323,0.0,H1_0,90.4536735747192,8.739641048951343,0.5,0.5,0.2,59.17346849273245,0.0
2,1,vehicle,-1,-1,droneFlow0.48,11,Drone,709.5046766366465,670.6983486652016,50.68467663664644,311.93834866520154,0.0,H1_0,90.45367357471922,8.534216974215955,0.5,0.5,0.2,50.12467663664643,0.0
2,1,vehicle,-1,-1,droneFlow0.49,12,Drone,706.0560412212287,673.9258934156173,47.23604122122868,315.16589341561735,0.0,H1_1,90.4536735747192,9.99405551389791,0.5,0.5,0.2,46.646041221228664,0.0
2,1,vehicle,-1,-1,droneFlow0.50,13,Drone,695.0265538159608,670.8129902507549,36.20655381596075,312.0529902507548,0.0,H1_0,90.4536735747192,9.721445455121577,0.5,0.5,0.2,35.646553815960736,0.0
2,1,vehicle,-1,-1,droneFlow0.51,14,Drone,685.3457175044945,670.8896456596068,26.525717504494477,312.1296456596068,0.0,H1_0,90.4536735747192,9.414067196639202,0.5,0.5,0.2,25.965717504494467,0.0
2,1,vehicle,-1,-1,droneFlow0.52,15,Drone,676.4457418249034,670.9601180085384,17.625741824903315,312.2001180085384,0.0,H1_0,90.4536735747192,7.579458499314933,0.5,0.5,0.2,17.065741824903306,0.0
2,1,vehicle,-1,-1,droneFlow0.53,16,Drone,669.3832525056939,671.016040657043,10.563252505693866,312.256040657043,0.0,H1_0,90.4536735747192,5.725349157111271,0.5,0.5,0.2,10.003252505693862,0.0
2,1,vehicle,-1,-1,droneFlow0.54,17,Drone,664.2552059201089,671.0566458790489,5.435205920108862,312.2966458790489,0.0,H1_0,90.4536735747192,3.8719877440223383,0.5,0.5,0.2,4.8752059201088604,0.0
2,1,vehicle,-1,-1,droneFlow0.55,18,Drone,660.837917854228,671.0837048650112,2.0179178542279286,312.3237048650112,0.0,H1_0,90.45367357471268,1.9224402556724132,0.5,0.5,0.2,1.457917854227928,0.0
2,1,vehicle,-1,-1,droneFlow0.56,19,Drone,659.38,671.0952490421455,0.56,312.33524904214556,0.0,H1_0,90.4536735747192,0.0,0.5,0.5,0.2,0.0,0.0
2,1,vehicle,-1,-1,flow10.1,20,Truck,752.5870550859466,664.6192465914542,93.76705508594658,305.85924659145417,0.0,V2_0,355.9944986959472,0.0,12.5,2.5,4.3,325.0689988157925,45.5
2,1,vehicle,-1,-1,flow10.2,21,Car,754.3753994351805,639.0799703582179,95.55539943518045,280.3199703582179,0.0,V2_0,355.99449869594736,0.0,4.645,1.775,1.59,307.3219156645609,37.0
2,1,vehicle,-1,-1,flow10.3,22,Truck,754.7208873266718,634.1460711906352,95.9008873266718,275.3860711906352,0.0,V2_0,355.9944986959473,0.0,12.5,2.5,4.3,294.52088291114035,35.0
2,1,vehicle,-1,-1,flow10.4,23,Bus,755.6150597671177,621.3764292777246,96.79505976711765,262.61642927772465,0.0,V2_0,355.99449869594724,0.0,9.0,2.4,3.2,285.2198375298961,24.5
2,1,vehicle,-1,-1,flow11.0,24,Truck,749.3970523150227,664.3992240705329,90.57705231502267,305.63922407053286,0.0,V2_1,355.99695863146536,0.0,12.5,2.5,4.3,325.06897623948703,45.0
2,1,vehicle,-1,-1,flow11.1,25,Truck,751.1842929166742,638.8599745852822,92.36429291667409,280.0999745852822,0.0,V2_1,355.99695863146536,0.0,12.5,2.5,4.3,299.46691990202055,39.5
2,1,vehicle,-1,-1,flow11.2,26,Truck,752.9715345713894,613.3207100519965,94.15153457138932,254.56071005199652,0.0,V2_1,355.9969586314655,0.0,12.5,2.5,4.3,273.8648484795124,32.0
2,1,vehicle,-1,-1,flow4.2,27,Truck,757.9710236269166,676.8403865897249,99.15102362691647,318.0803865897249,0.0,H4_1,269.78074582948506,0.0,12.5,2.5,4.3,52.628976373083525,61.5
2,1,vehicle,-1,-1,flow4.3,28,Truck,770.7720518147637,676.889372615241,111.95205181476365,318.1293726152409,0.0,H4_1,269.78074582948506,0.0,12.5,2.5,4.3,39.82794818523634,57.5
2,1,vehicle,-1,-1,flow5.1,29,Bus,783.5730922294337,676.9383586875456,124.75309222943356,318.17835868754565,0.0,H4_1,269.7807458294852,0.0,9.0,2.4,3.2,30.52690777056643,56.0
2,1,vehicle,-1,-1,flow7.0,30,Truck,750.2906727292709,651.6295977071265,91.47067272927089,292.8695977071266,0.0,V2_1,355.9969586314655,0.0,12.5,2.5,4.3,325.737946445987,41.5
2,1,vehicle,-1,-1,flow7.1,31,Truck,752.0779137183287,626.0903426859304,93.25791371832862,267.33034268593036,0.0,V2_1,355.9969586314654,0.0,12.5,2.5,4.3,300.1358845589607,37.5
2,1,vehicle,-1,-1,flow8.0,32,Truck,753.481227630304,651.8496031945865,94.66122763030401,293.08960319458646,0.0,V2_0,355.9944986959473,0.0,12.5,2.5,4.3,325.7379519469418,41.5
